0 0 0.019579
0 1 0.039168
0 2 0.058265
0 3 0.075355
0 4 0.087649
0 5 0.091809
0 6 0.086548
0 7 0.075488
0 8 0.062540
0 9 0.050091
0 10 0.039144
0 11 0.029890
0 12 0.022149
0 13 0.015610
0 14 0.009943
0 15 0.004836
1 0 0.039168
1 1 0.078862
1 2 0.118584
1 3 0.155562
1 4 0.183497
1 5 0.193108
1 6 0.178969
1 7 0.152934
1 8 0.124651
1 9 0.098747
1 10 0.076654
1 11 0.058319
1 12 0.043137
1 13 0.030379
1 14 0.019346
1 15 0.009409
2 0 0.058265
2 1 0.118584
2 2 0.181719
2 3 0.244904
2 4 0.297769
2 5 0.318270
2 6 0.283398
2 7 0.232746
2 8 0.184496
2 9 0.143694
2 10 0.110502
2 11 0.083675
2 12 0.061767
2 13 0.043471
2 14 0.027682
2 15 0.013465
3 0 0.075355
3 1 0.155562
3 2 0.244904
3 3 0.344687
3 4 0.444543
3 5 0.498952
3 6 0.403762
3 7 0.310309
3 8 0.237040
3 9 0.181172
3 10 0.138108
3 11 0.104220
3 12 0.076870
3 13 0.054118
3 14 0.034485
3 15 0.016783
4 0 0.087649
4 1 0.183497
4 2 0.297769
4 3 0.444543
4 4 0.636929
4 5 0.829409
4 6 0.522575
4 7 0.367874
4 8 0.272363
4 9 0.206012
4 10 0.156688
4 11 0.118356
4 12 0.087478
4 13 0.061722
4 14 0.039402
4 15 0.019199
5 0 0.091809
5 1 0.193108
5 2 0.318270
5 3 0.498952
5 4 0.829409
5 5 1.659382
5 6 0.489464
5 7 0.366457
5 8 0.278729
5 9 0.214013
5 10 0.164447
5 11 0.125181
5 12 0.093081
5 13 0.065976
5 14 0.042253
5 15 0.020627
6 0 0.086548
6 1 0.178969
6 2 0.283398
6 3 0.403762
6 4 0.522575
6 5 0.489464
6 6 0.409667
6 7 0.329987
6 8 0.262301
6 9 0.207067
6 10 0.162086
6 11 0.124997
6 12 0.093815
6 13 0.066938
6 14 0.043061
6 15 0.021077
7 0 0.075488
7 1 0.152934
7 2 0.232746
7 3 0.310309
7 4 0.367874
7 5 0.366457
7 6 0.329987
7 7 0.281757
7 8 0.233644
7 9 0.190080
7 10 0.152022
7 11 0.119068
7 12 0.090371
7 13 0.064995
7 14 0.042034
7 15 0.020637
8 0 0.062540
8 1 0.124651
8 2 0.184496
8 3 0.237040
8 4 0.272363
8 5 0.278729
8 6 0.262301
8 7 0.233644
8 8 0.200665
8 9 0.167795
8 10 0.137043
8 11 0.109043
8 12 0.083735
8 13 0.060731
8 14 0.039499
8 15 0.019456
9 0 0.050091
9 1 0.098747
9 2 0.143694
9 3 0.181172
9 4 0.206012
9 5 0.214013
9 6 0.207067
9 7 0.190080
9 8 0.167795
9 9 0.143596
9 10 0.119491
9 11 0.096481
9 12 0.074921
9 13 0.054784
9 14 0.035831
9 15 0.017707
10 0 0.039144
10 1 0.076654
10 2 0.110502
10 3 0.138108
10 4 0.156688
10 5 0.164447
10 6 0.162086
10 7 0.152022
10 8 0.137043
10 9 0.119491
10 10 0.101015
10 11 0.082614
10 12 0.064798
10 13 0.047737
10 14 0.031383
10 15 0.015556
11 0 0.029890
11 1 0.058319
11 2 0.083675
11 3 0.104220
11 4 0.118356
11 5 0.125181
11 6 0.124997
11 7 0.119068
11 8 0.109043
11 9 0.096481
11 10 0.082614
11 11 0.068291
11 12 0.054023
11 13 0.040058
11 14 0.026454
11 15 0.013148
12 0 0.022149
12 1 0.043137
12 2 0.061767
12 3 0.076870
12 4 0.087478
12 5 0.093081
12 6 0.093815
12 7 0.090371
12 8 0.083735
12 9 0.074921
12 10 0.064798
12 11 0.054023
12 12 0.043034
12 13 0.032080
12 14 0.021266
12 15 0.010593
13 0 0.015610
13 1 0.030379
13 2 0.043471
13 3 0.054118
13 4 0.061722
13 5 0.065976
13 6 0.066938
13 7 0.064995
13 8 0.060731
13 9 0.054784
13 10 0.047737
13 11 0.040058
13 12 0.032080
13 13 0.024014
13 14 0.015965
13 15 0.007967
14 0 0.009943
14 1 0.019346
14 2 0.027682
14 3 0.034485
14 4 0.039402
14 5 0.042253
14 6 0.043061
14 7 0.042034
14 8 0.039499
14 9 0.035831
14 10 0.031383
14 11 0.026454
14 12 0.021266
14 13 0.015965
14 14 0.010637
14 15 0.005314
15 0 0.004836
15 1 0.009409
15 2 0.013465
15 3 0.016783
15 4 0.019199
15 5 0.020627
15 6 0.021077
15 7 0.020637
15 8 0.019456
15 9 0.017707
15 10 0.015556
15 11 0.013148
15 12 0.010593
15 13 0.007967
15 14 0.005314
15 15 0.002657
